% fname: out_matlab/set1_50x50.m
% ../nanoxim -dimx 50 -dimy 50  -disr -cyclelinks 3 -bootstrap center -bootstrap_immunity -bootstrap_timeout 2500 

function [node_coverage, link_coverage, nsegments, avg_seg_length] = set1_50x50(symbol)

data = [
% defective_nodes  node_coverage  link_coverage      nsegments avg_seg_length
                0         0.9532       0.950816            883        2.69875
                0         0.9532       0.950816            883        2.69875
                0         0.9532       0.950816            883        2.69875
                0         0.9532       0.950816            883        2.69875
                0         0.9532       0.950816            883        2.69875
                0         0.9532       0.950816            883        2.69875
                0         0.9532       0.950816            883        2.69875
                0         0.9532       0.950816            883        2.69875
                0         0.9532       0.950816            883        2.69875
                0         0.9532       0.950816            883        2.69875
                0         0.9532       0.950816            883        2.69875
                0         0.9532       0.950816            883        2.69875
                0         0.9532       0.950816            883        2.69875
                0         0.9532       0.950816            883        2.69875
                0         0.9532       0.950816            883        2.69875
                0         0.9532       0.950816            883        2.69875
                0         0.9532       0.950816            883        2.69875
                0         0.9532       0.950816            883        2.69875
                0         0.9532       0.950816            883        2.69875
                0         0.9532       0.950816            883        2.69875
             0.05         0.9504       0.906735            743        3.19785
             0.05         0.9432        0.89449            792        2.97727
             0.05         0.9456       0.896531            756        3.12698
             0.05         0.9544           0.91            790        3.02025
             0.05         0.9512       0.907143            742        3.20485
             0.05         0.9292       0.878776            767        3.02868
             0.05         0.9556       0.913469            572        4.17657
             0.05         0.9388       0.891633            728         3.2239
             0.05         0.9488       0.900408            677        3.50369
             0.05         0.9392       0.889796            593        3.95953
             0.05         0.9496       0.901837            760        3.12368
             0.05          0.942       0.891224            764        3.08246
             0.05          0.946       0.897959            699         3.3834
             0.05         0.9368       0.892245            676         3.4645
             0.05         0.9532       0.909592            783        3.04342
             0.05          0.954       0.907959            744        3.20565
             0.05         0.9468        0.89898            724        3.26934
             0.05         0.9496       0.903061            725        3.27448
             0.05         0.9508       0.904694            701        3.39087
             0.05         0.9548       0.912245            686        3.47959
              0.1         0.8816       0.786122            674        3.27003
              0.1          0.892       0.801837            653        3.41501
              0.1          0.882       0.787755            656        3.36128
              0.1         0.8908       0.799592            621        3.58615
              0.1         0.8784       0.784898            650        3.37846
              0.1         0.9116       0.830612            714        3.19188
              0.1         0.8928       0.807347            701        3.18402
              0.1         0.8868       0.793878            721         3.0749
              0.1         0.8884       0.805714            661        3.36006
              0.1         0.8888       0.796327            689        3.22496
              0.1          0.902       0.817551            678        3.32596
              0.1         0.8988       0.816531            709        3.16925
              0.1          0.892       0.806122            645        3.45736
              0.1         0.8936        0.80898            682        3.27566
              0.1         0.9056       0.828571            722        3.13573
              0.1         0.8892       0.804082            680        3.26912
              0.1         0.8768       0.782449            637        3.44113
              0.1         0.8756       0.783265            576        3.80035
              0.1         0.9072       0.827143            699        3.24464
              0.1         0.8768       0.784898            668        3.28144
             0.15         0.8324       0.720816            539        3.86085
             0.15         0.8368       0.721429            645        3.24341
             0.15         0.8248       0.702857            582        3.54296
             0.15         0.8048       0.693878            541        3.71904
             0.15         0.8216       0.698571            577        3.55979
             0.15         0.8372       0.718367            631        3.31696
             0.15         0.8352       0.717143            692        3.01734
             0.15         0.8588       0.743061            625         3.4352
             0.15         0.8372       0.725918            577        3.62738
             0.15          0.852       0.743878            636        3.34906
             0.15         0.8388       0.723878            622        3.37138
             0.15         0.8316       0.714286            584        3.55993
             0.15         0.8452       0.734286            627        3.37002
             0.15          0.842       0.725918            643        3.27372
             0.15         0.8388       0.719388            635        3.30236
             0.15          0.826           0.71            635        3.25197
             0.15           0.82       0.696122            607        3.37727
             0.15         0.8088       0.688776            585        3.45641
             0.15         0.8424       0.723061            565        3.72743
             0.15         0.8524       0.742245            611        3.48773
              0.2         0.7456        0.60449            525        3.55048
              0.2         0.7404       0.601429            544        3.40257
              0.2         0.7768       0.641224            555         3.4991
              0.2           0.76       0.611224            514         3.6965
              0.2         0.7328       0.587551            496        3.69355
              0.2          0.706       0.580612            451        3.91353
              0.2          0.752       0.620816            538        3.49442
              0.2         0.7332       0.593673            503        3.64414
              0.2         0.7676       0.636327            542        3.54059
              0.2         0.7828       0.647143            556        3.51978
              0.2          0.778       0.633673            523        3.71893
              0.2         0.6524       0.528571            427        3.81967
              0.2          0.732        0.59551            474        3.86076
              0.2         0.7692       0.634286            520        3.69808
              0.2         0.7508       0.608776            519        3.61657
              0.2         0.7304       0.595102            482        3.78838
              0.2         0.7444       0.597755            492        3.78252
              0.2         0.7364       0.587347            472        3.90042
