% fname: out_matlab/set1_10x10.m
% ../nanoxim -dimx 10 -dimy 10  -disr -cyclelinks 3 -gv -bootstrap center -bootstrap_immunity -bootstrap_timeout 100 

function [node_coverage, link_coverage, nsegments, avg_seg_length] = set1_10x10(symbol)

data = [
% defective_nodes  node_coverage  link_coverage      nsegments avg_seg_length
                0              1              1             48        2.08333
                0              1              1             48        2.08333
                0              1              1             48        2.08333
                0              1              1             48        2.08333
                0              1              1             48        2.08333
                0              1              1             48        2.08333
                0              1              1             48        2.08333
                0              1              1             48        2.08333
                0              1              1             48        2.08333
                0              1              1             48        2.08333
                0              1              1             48        2.08333
                0              1              1             48        2.08333
                0              1              1             48        2.08333
                0              1              1             48        2.08333
                0              1              1             48        2.08333
                0              1              1             48        2.08333
                0              1              1             48        2.08333
                0              1              1             48        2.08333
                0              1              1             48        2.08333
                0              1              1             48        2.08333
             0.05           0.99       0.983333             40          2.475
             0.05           0.96       0.911111             30            3.2
             0.05           0.97       0.955556             35        2.77143
             0.05           0.96       0.927778             35        2.74286
             0.05           0.97       0.961111             40          2.425
             0.05           0.99       0.977778             38        2.60526
             0.05           0.96       0.911111             37        2.59459
             0.05           0.92       0.866667             39        2.35897
             0.05           0.95            0.9             33        2.87879
             0.05           0.94       0.933333             45        2.08889
             0.05           0.94       0.872222             36        2.61111
             0.05           0.96       0.922222             36        2.66667
             0.05           0.97       0.938889             43        2.25581
             0.05           0.96       0.916667             32              3
             0.05           0.92       0.888889             32          2.875
             0.05           0.97       0.938889             32        3.03125
             0.05           0.97       0.938889             34        2.85294
             0.05           0.93       0.866667             28        3.32143
             0.05           0.96       0.916667             28        3.42857
             0.05           0.99       0.988889             40          2.475
              0.1           0.93       0.888889             33        2.81818
              0.1           0.81       0.755556             33        2.45455
              0.1           0.86       0.772222             24        3.58333
              0.1           0.79            0.7             29        2.72414
              0.1           0.92           0.85             32          2.875
              0.1           0.91       0.833333             25           3.64
              0.1           0.95       0.905556             27        3.51852
              0.1           0.91       0.844444             32        2.84375
              0.1           0.92           0.85             26        3.53846
              0.1           0.82       0.722222             29        2.82759
              0.1           0.85       0.761111             23        3.69565
              0.1           0.93       0.861111             29         3.2069
              0.1           0.87       0.755556             32        2.71875
              0.1           0.88       0.811111             30        2.93333
              0.1           0.65       0.566667             25            2.6
              0.1           0.83       0.777778             32        2.59375
              0.1           0.94            0.9             30        3.13333
              0.1           0.96       0.916667             32              3
              0.1           0.93       0.888889             27        3.44444
              0.1           0.83       0.666667             23         3.6087
             0.15           0.89       0.805556             24        3.70833
             0.15           0.73           0.65             28        2.60714
             0.15           0.82       0.688889             15        5.46667
             0.15            0.8       0.677778             25            3.2
             0.15           0.76       0.633333             25           3.04
             0.15           0.83           0.75             35        2.37143
             0.15           0.89       0.805556             20           4.45
             0.15           0.81       0.722222             30            2.7
             0.15           0.77       0.661111             21        3.66667
             0.15           0.74           0.65             23        3.21739
             0.15            0.8            0.7             32            2.5
             0.15           0.81       0.688889             29         2.7931
             0.15           0.67            0.6             20           3.35
             0.15           0.86       0.766667             32         2.6875
             0.15           0.72       0.622222             22        3.27273
             0.15           0.75       0.655556             28        2.67857
             0.15           0.83       0.727778             20           4.15
             0.15           0.77       0.672222             24        3.20833
             0.15           0.84       0.722222             24            3.5
             0.15           0.84       0.744444             25           3.36
              0.2           0.56       0.427778             18        3.11111
              0.2           0.58       0.516667             22        2.63636
              0.2           0.81       0.722222             32        2.53125
              0.2           0.72       0.594444             19        3.78947
              0.2            0.8       0.733333             33        2.42424
              0.2           0.54           0.45             12            4.5
              0.2            0.6       0.488889             17        3.52941
              0.2           0.79       0.677778             24        3.29167
              0.2           0.08      0.0555556              2              4
              0.2           0.82       0.744444             26        3.15385
              0.2           0.54       0.461111             13        4.15385
              0.2           0.71       0.616667             27        2.62963
              0.2           0.34       0.294444             11        3.09091
              0.2           0.86       0.761111             26        3.30769
              0.2           0.65           0.55             18        3.61111
              0.2           0.72       0.572222             20            3.6
              0.2           0.43       0.355556             13        3.30769
              0.2            0.8            0.7             27        2.96296
