% fname: out_matlab/set1_100x100.m
% ../nanoxim -dimx 100 -dimy 100  -disr -cyclelinks 3 -bootstrap center -bootstrap_immunity -bootstrap_timeout 10000 

function [node_coverage, link_coverage, nsegments, avg_seg_length, latency] = set1_100x100(symbol)

data = [
% defective_nodes  node_coverage  link_coverage      nsegments avg_seg_length        latency
                0         0.9973       0.996212           3721        2.68019           4713
                0         0.9973       0.996212           3721        2.68019           4713
                0         0.9973       0.996212           3721        2.68019           4713
                0         0.9973       0.996212           3721        2.68019           4713
                0         0.9973       0.996212           3721        2.68019           4713
                0         0.9973       0.996212           3721        2.68019           4713
                0         0.9973       0.996212           3721        2.68019           4713
                0         0.9973       0.996212           3721        2.68019           4713
                0         0.9973       0.996212           3721        2.68019           4713
                0         0.9973       0.996212           3721        2.68019           4713
                0         0.9973       0.996212           3721        2.68019           4713
                0         0.9973       0.996212           3721        2.68019           4713
                0         0.9973       0.996212           3721        2.68019           4713
                0         0.9973       0.996212           3721        2.68019           4713
                0         0.9973       0.996212           3721        2.68019           4713
                0         0.9973       0.996212           3721        2.68019           4713
                0         0.9973       0.996212           3721        2.68019           4713
                0         0.9973       0.996212           3721        2.68019           4713
                0         0.9973       0.996212           3721        2.68019           4713
                0         0.9973       0.996212           3721        2.68019           4713
             0.05         0.9429       0.893939           2741        3.43999           5455
             0.05         0.9458       0.895101           3044         3.1071           6276
             0.05         0.9456       0.895152           2822        3.35082           9698
             0.05         0.9547       0.912374           3027        3.15395           7059
             0.05         0.9468       0.897677           2918        3.24469           6333
             0.05         0.9456       0.894141           2655        3.56158           8302
             0.05         0.9499       0.901768           2664        3.56569           8545
             0.05          0.948       0.899646           2946        3.21792           7236
             0.05         0.9489       0.901212           2947        3.21988           7324
             0.05         0.9488       0.900859           2992        3.17112           7380
             0.05         0.9419       0.890657           2830        3.32827           7284
             0.05         0.9475       0.898182           2804         3.3791           6161
             0.05         0.9487       0.901465           2771        3.42367           7263
             0.05         0.9495       0.902626           2552        3.72061           8014
             0.05         0.9525       0.907929           2970        3.20707           6923
             0.05         0.9416       0.895455           2851         3.3027           6611
             0.05         0.9468       0.896667           2800        3.38143           6357
             0.05         0.9475       0.901616           2810        3.37189           6609
             0.05         0.9396       0.891263           2798        3.35811           7071
             0.05           0.95       0.902929           2842        3.34272           6393
              0.1         0.8882       0.796061           2535        3.50375           8902
              0.1         0.8953        0.80702           2595         3.4501          10745
              0.1         0.8888       0.797424           2644        3.36157           8157
              0.1         0.8993       0.813737           2620        3.43244           7100
              0.1         0.8902            0.8           2507        3.55086           7829
              0.1         0.8945       0.807172           2633        3.39727           7548
              0.1         0.9014       0.817525           2826        3.18967           7762
              0.1         0.9016       0.818232           2613        3.45044           7337
              0.1         0.8897       0.802677           2584        3.44311           7026
              0.1         0.8927       0.803384           2337        3.81985           9093
              0.1         0.0012    0.000858586              5            2.4           2333
              0.1         0.8879       0.798232           2454        3.61817           9187
              0.1         0.8957       0.808283           2547        3.51669           8403
              0.1         0.8988       0.812677           2602        3.45427          10139
              0.1         0.8939       0.805303           2451        3.64708           8603
              0.1         0.8886       0.800404           2505        3.54731           9417
              0.1          0.895       0.807475           2565        3.48928           8794
              0.1         0.8902       0.800253           2450        3.63347           7533
              0.1         0.8966       0.809949           2515        3.56501           8256
              0.1         0.8939       0.803485           2645        3.37958           8317
             0.15         0.8337       0.715101           2324        3.58735           8720
             0.15         0.8338       0.710707           2200           3.79          10787
             0.15         0.8295       0.708939           2326        3.56621          10006
             0.15          0.847       0.727626           2334        3.62896           9428
             0.15         0.8232       0.703434           2341        3.51645          10022
             0.15         0.8366       0.715303           2259        3.70341           9807
             0.15         0.8413       0.724242           2360        3.56483           8460
             0.15         0.8435       0.726869           2445         3.4499           9298
             0.15         0.8229       0.704141           2272        3.62192           8826
             0.15         0.8337       0.716869           2186        3.81382           8081
             0.15          0.836        0.71697           2431        3.43891           9353
             0.15         0.8346       0.715758           2253        3.70439          10008
             0.15         0.8299       0.708535           2203        3.76714           9782
             0.15         0.8414       0.727374           2288        3.67745           8206
             0.15         0.8316       0.707525           2329        3.57063           9248
             0.15          0.828       0.705101           2344        3.53242           9476
             0.15         0.8306       0.711616           2236        3.71467           9586
             0.15         0.8316       0.713788           2302        3.61251          10156
             0.15         0.8344       0.710707           2287        3.64845           9692
             0.15         0.8225       0.701919           2303        3.57143          10406
              0.2         0.7657       0.622323           2045        3.74425          10937
              0.2         0.7652       0.621212           1975        3.87443           9042
