% fname: out_matlab/set1_30x30.m
% ../nanoxim -dimx 30 -dimy 30  -disr -cyclelinks 3 -bootstrap center -bootstrap_immunity -bootstrap_timeout 900 

function [node_coverage, link_coverage, nsegments, avg_seg_length] = set1_30x30(symbol)

data = [
% defective_nodes  node_coverage  link_coverage      nsegments avg_seg_length
                0              1              1            339        2.65487
                0              1              1            339        2.65487
                0              1              1            339        2.65487
                0              1              1            339        2.65487
                0              1              1            339        2.65487
                0              1              1            339        2.65487
                0              1              1            339        2.65487
                0              1              1            339        2.65487
                0              1              1            339        2.65487
                0              1              1            339        2.65487
                0              1              1            339        2.65487
                0              1              1            339        2.65487
                0              1              1            339        2.65487
                0              1              1            339        2.65487
                0              1              1            339        2.65487
                0              1              1            339        2.65487
                0              1              1            339        2.65487
                0              1              1            339        2.65487
                0              1              1            339        2.65487
                0              1              1            339        2.65487
             0.05       0.948889       0.907471            267         3.1985
             0.05       0.935556        0.87931            307        2.74267
             0.05       0.943333       0.888506            259        3.27799
             0.05       0.957778        0.91954            259        3.32819
             0.05       0.945556       0.897126            286        2.97552
             0.05       0.938889       0.894253            277        3.05054
             0.05       0.942222       0.885632            263        3.22433
             0.05       0.928889       0.864943            242        3.45455
             0.05       0.957778        0.91954            349        2.46991
             0.05       0.947778       0.901724            315        2.70794
             0.05       0.948889       0.904598            310        2.75484
             0.05       0.938889       0.884483            246        3.43496
             0.05       0.952222       0.903448            289         2.9654
             0.05       0.948889       0.902874            315        2.71111
             0.05           0.94        0.89023            284        2.97887
             0.05       0.872222       0.832184            260        3.01923
             0.05       0.941111       0.886782            234        3.61966
             0.05       0.952222       0.904598            272        3.15074
             0.05       0.943333       0.904598            261        3.25287
             0.05       0.944444       0.898276            289        2.94118
              0.1       0.902222       0.829885            252        3.22222
              0.1       0.881111       0.786782            251        3.15936
              0.1       0.898889       0.822414            278        2.91007
              0.1       0.891111       0.814943            297        2.70034
              0.1       0.886667       0.793678            286        2.79021
              0.1           0.87       0.772989            259        3.02317
              0.1       0.877778       0.797126            247        3.19838
              0.1           0.87       0.779885            239        3.27615
              0.1       0.893333       0.808046            231        3.48052
              0.1       0.887778       0.808621            223        3.58296
              0.1       0.878889       0.790805            234        3.38034
              0.1           0.87       0.785632            262        2.98855
              0.1       0.882222       0.788506            260        3.05385
              0.1       0.887778       0.803448            267        2.99251
              0.1       0.892222       0.808046            238        3.37395
              0.1           0.88       0.782184            265        2.98868
              0.1       0.896667       0.807471            254        3.17717
              0.1       0.885556       0.799425            288        2.76736
              0.1       0.896667        0.81092            266        3.03383
              0.1       0.871111       0.772989            266        2.94737
             0.15       0.798889       0.673563            185        3.88649
             0.15       0.795556       0.664368            194        3.69072
             0.15       0.775556       0.664943            188        3.71277
             0.15       0.832222       0.721264            205        3.65366
             0.15       0.798889       0.681609            201        3.57711
             0.15       0.811111       0.686782            219        3.33333
             0.15       0.824444       0.712069            216        3.43519
             0.15       0.796667       0.687356            238        3.01261
             0.15       0.814444       0.697126            223          3.287
             0.15       0.794444       0.682759            223        3.20628
             0.15       0.797778       0.698276            205        3.50244
             0.15     0.00666667     0.00402299              2              3
             0.15           0.84       0.725287            235        3.21702
             0.15       0.833333       0.716667            209        3.58852
             0.15       0.826667       0.701724            211        3.52607
             0.15       0.784444       0.674138            213        3.31455
             0.15       0.742222       0.641954            198        3.37374
             0.15       0.828889       0.717241            212        3.51887
             0.15       0.805556       0.681034            218        3.32569
             0.15       0.814444       0.686207            222         3.3018
              0.2       0.793333       0.654023            191        3.73822
              0.2       0.727778       0.606322            184        3.55978
              0.2       0.733333       0.598851            200            3.3
              0.2       0.786667        0.67069            199        3.55779
              0.2       0.683333       0.556322            182        3.37912
              0.2       0.762222       0.647126            193         3.5544
              0.2       0.722222       0.591954            191        3.40314
              0.2       0.575556       0.467816            146        3.54795
              0.2      0.0266667      0.0201149              7        3.42857
              0.2       0.782222           0.65            205        3.43415
              0.2           0.79       0.654023            203        3.50246
              0.2       0.745556       0.623563            211        3.18009
              0.2       0.617778       0.506322            163        3.41104
              0.2       0.595556       0.499425            158        3.39241
              0.2       0.761111        0.61954            210         3.2619
              0.2       0.756667       0.622989            170        4.00588
              0.2       0.804444       0.682759            223        3.24664
              0.2       0.391111       0.325287            111        3.17117
