% fname: out_matlab/set2_30x30.m
% ../nanoxim -dimx 30 -dimy 30  -disr -cyclelinks 3 -bootstrap center -bootstrap_immunity -bootstrap_timeout 900 

function [node_coverage, link_coverage, nsegments, avg_seg_length, latency] = set2_30x30(symbol)

data = [
% defective_nodes  node_coverage  link_coverage      nsegments avg_seg_length        latency
                0              1              1            339        2.65487           2358
                0              1              1            339        2.65487           2358
                0              1              1            339        2.65487           2358
                0              1              1            339        2.65487           2358
                0              1              1            339        2.65487           2358
                0              1              1            339        2.65487           2358
                0              1              1            339        2.65487           2358
                0              1              1            339        2.65487           2358
                0              1              1            339        2.65487           2358
                0              1              1            339        2.65487           2358
                0              1              1            339        2.65487           2358
                0              1              1            339        2.65487           2358
                0              1              1            339        2.65487           2358
                0              1              1            339        2.65487           2358
                0              1              1            339        2.65487           2358
                0              1              1            339        2.65487           2358
                0              1              1            339        2.65487           2358
                0              1              1            339        2.65487           2358
                0              1              1            339        2.65487           2358
                0              1              1            339        2.65487           2358
             0.05           0.95       0.902874            293        2.91809           2504
             0.05       0.947778       0.900575            273        3.12454           2482
             0.05       0.913333       0.861494            281        2.92527           2403
             0.05       0.964444       0.932759            270        3.21481           2342
             0.05       0.943333       0.885057            290        2.92759           2521
             0.05       0.936667       0.892529            292        2.88699           2172
             0.05       0.953333        0.91092            287        2.98955           2056
             0.05       0.957778       0.918966            285        3.02456           2132
             0.05       0.955556       0.914943            245         3.5102           2132
             0.05       0.952222       0.906897            233        3.67811           2303
             0.05           0.96       0.923563            315        2.74286           2043
             0.05       0.948889       0.901724            257        3.32296           2310
             0.05       0.952222        0.90977            308        2.78247           2475
             0.05       0.955556        0.91954            303        2.83828           2288
             0.05       0.964444       0.928736            280            3.1           2108
             0.05       0.954444       0.912069            316        2.71835           2454
             0.05       0.954444       0.915517            279        3.07885           2322
             0.05       0.936667       0.877011            265        3.18113           2271
             0.05       0.943333       0.894253            288        2.94792           2144
             0.05           0.94       0.883908            263        3.21673           2560
              0.1       0.891111       0.798851            246        3.26016           2323
              0.1       0.902222       0.818391            258        3.14729           2529
              0.1       0.866667       0.762069            248        3.14516           2499
              0.1       0.902222       0.822414            239        3.39749           2605
              0.1       0.892222       0.795402            245        3.27755           2468
              0.1       0.895556        0.81092            242        3.33058           1909
              0.1       0.901111       0.818391            261        3.10728           2378
              0.1       0.883333       0.791379            239        3.32636           2804
              0.1       0.886667            0.8            240          3.325           3055
              0.1       0.908889       0.832759            256        3.19531           2786
              0.1       0.904444       0.824138            263        3.09506           2579
              0.1       0.886667       0.801149            256        3.11719           2080
              0.1           0.88       0.786207            241        3.28631           2154
              0.1       0.902222        0.82069            257        3.15953           2528
              0.1       0.902222       0.818966            239        3.39749           2778
              0.1       0.875556       0.783908            244        3.22951           3076
              0.1       0.857778       0.773563            214        3.60748           2341
              0.1       0.893333       0.807471            265        3.03396           2120
              0.1           0.87       0.783333            250          3.132           2548
              0.1           0.91       0.827011            250          3.276           2466
             0.15       0.807778       0.693678            229        3.17467           2393
             0.15       0.843333       0.718391            216        3.51389           2966
             0.15           0.84       0.721264            226        3.34513           2533
             0.15       0.815556       0.702874            211        3.47867           2443
             0.15       0.792222       0.682184            217        3.28571           2685
             0.15       0.805556       0.678736            201        3.60697           2843
             0.15       0.796667       0.681034            197        3.63959           3510
             0.15       0.787778       0.658621            207        3.42512           3243
             0.15       0.826667       0.717816            250          2.976           2664
             0.15       0.818889       0.700575            225        3.27556           2725
             0.15       0.616667       0.529885            180        3.08333           2097
             0.15       0.843333       0.732759            197        3.85279           2982
             0.15       0.732222       0.612644            193        3.41451           2359
             0.15       0.825556       0.700575            203         3.6601           4380
             0.15       0.822222       0.703448            211        3.50711           2892
             0.15       0.665556       0.556322            192        3.11979           3296
             0.15       0.787778        0.66954            219        3.23744           2564
             0.15       0.841111       0.735632            219        3.45662           2933
             0.15       0.778889           0.65            191        3.67016           3304
             0.15       0.431111       0.362644            141        2.75177           2240
              0.2       0.801111       0.662069            175           4.12           2984
              0.2       0.784444        0.64023            191        3.69634           2789
