% fname: out_matlab/set2_10x10.m
% ../nanoxim -dimx 10 -dimy 10  -disr -cyclelinks 3 -gv -bootstrap center -bootstrap_immunity -bootstrap_timeout 100 

function [node_coverage, link_coverage, nsegments, avg_seg_length, latency] = set2_10x10(symbol)

data = [
% defective_nodes  node_coverage  link_coverage      nsegments avg_seg_length        latency
                0              1              1             48        2.08333           1268
                0              1              1             48        2.08333           1268
                0              1              1             48        2.08333           1268
                0              1              1             48        2.08333           1268
                0              1              1             48        2.08333           1268
                0              1              1             48        2.08333           1268
                0              1              1             48        2.08333           1268
                0              1              1             48        2.08333           1268
                0              1              1             48        2.08333           1268
                0              1              1             48        2.08333           1268
                0              1              1             48        2.08333           1268
                0              1              1             48        2.08333           1268
                0              1              1             48        2.08333           1268
                0              1              1             48        2.08333           1268
                0              1              1             48        2.08333           1268
                0              1              1             48        2.08333           1268
                0              1              1             48        2.08333           1268
                0              1              1             48        2.08333           1268
                0              1              1             48        2.08333           1268
                0              1              1             48        2.08333           1268
             0.05           0.94       0.894444             34        2.76471           1296
             0.05           0.94       0.883333             28        3.35714           1304
             0.05           0.97       0.938889             37        2.62162           1290
             0.05           0.97       0.955556             34        2.85294           1337
             0.05           0.92       0.877778             35        2.62857           1313
             0.05           0.85       0.816667             32        2.65625           1302
             0.05           0.99       0.977778             40          2.475           1264
             0.05           0.94       0.883333             35        2.68571           1316
             0.05           0.95       0.922222             40          2.375           1323
             0.05           0.96       0.916667             40            2.4           1276
             0.05           0.97       0.938889             38        2.55263           1224
             0.05           0.94       0.905556             30        3.13333           1235
             0.05           0.95       0.894444             30        3.16667           1308
             0.05           0.91       0.855556             30        3.03333           1318
             0.05           0.91       0.883333             36        2.52778           1310
             0.05           0.94       0.888889             38        2.47368           1281
             0.05            0.9           0.85             30              3           1292
             0.05           0.92           0.85             30        3.06667           1331
             0.05           0.98       0.955556             38        2.57895           1297
             0.05           0.96       0.938889             35        2.74286           1353
              0.1           0.82           0.75             26        3.15385           1456
              0.1           0.92       0.872222             29        3.17241           1266
              0.1           0.71       0.633333             24        2.95833           1305
              0.1           0.91       0.838889             28           3.25           1373
              0.1           0.87       0.811111             28        3.10714           1338
              0.1           0.73           0.65             20           3.65           1348
              0.1           0.86       0.777778             31        2.77419           1243
              0.1           0.84       0.722222             25           3.36           1299
              0.1           0.92       0.855556             25           3.68           1202
              0.1           0.88       0.855556             34        2.58824           1273
              0.1           0.94       0.894444             31        3.03226           1334
              0.1            0.9       0.811111             27        3.33333           1401
              0.1           0.87       0.777778             21        4.14286           1365
              0.1           0.98       0.961111             37        2.64865           1266
              0.1           0.86       0.783333             29        2.96552           1308
              0.1            0.9       0.844444             33        2.72727           1388
              0.1           0.89            0.8             30        2.96667           1371
              0.1           0.88       0.805556             25           3.52           1228
              0.1           0.69       0.594444             20           3.45           1328
              0.1           0.82            0.7             31        2.64516           1418
             0.15           0.86       0.755556             26        3.30769           1308
             0.15           0.72       0.594444             26        2.76923           1281
             0.15           0.72       0.661111             29        2.48276           1469
             0.15           0.75       0.688889             23        3.26087           1217
             0.15           0.85       0.727778             24        3.54167           1390
             0.15            0.5       0.405556             17        2.94118           1300
             0.15           0.77       0.694444             28           2.75           1283
             0.15           0.85       0.755556             33        2.57576           1308
             0.15           0.72       0.633333             27        2.66667           1426
             0.15           0.76       0.644444             24        3.16667           1369
             0.15           0.83       0.738889             28        2.96429           1270
             0.15           0.79       0.711111             26        3.03846           1249
             0.15           0.79       0.666667             26        3.03846           1342
             0.15            0.8       0.694444             26        3.07692           1300
             0.15           0.88       0.805556             32           2.75           1351
             0.15           0.88       0.761111             31        2.83871           1295
             0.15           0.77       0.694444             22            3.5           1200
             0.15           0.77       0.677778             19        4.05263           1297
             0.15           0.69       0.594444             23              3           1382
             0.15           0.86       0.766667             31        2.77419           1233
              0.2           0.73       0.594444             17        4.29412           1183
              0.2            0.6       0.544444             25            2.4           1244
