% fname: out_matlab/set3_030_10x10.m
% ../nanoxim -dimx 10 -dimy 10  -disr -defective_nodes 0.3 -cyclelinks 3 -bootstrap_immunity -bootstrap_timeout 100 

function [node_coverage, link_coverage, nsegments, avg_seg_length, latency] = set3_030_10x10(symbol)

data = [
%       bootstrap  node_coverage  link_coverage      nsegments avg_seg_length        latency
                0           0.12      0.0777778              2              6           1175
                0           0.06      0.0388889              2              3           1026
                0           0.54       0.438889             14        3.85714           1667
                0           0.04      0.0222222              1              4           1016
                0           0.06      0.0388889              2              3           1026
                0           0.06      0.0388889              2              3           1026
                0           0.04      0.0222222              1              4           1016
                0           0.26       0.222222             11        2.36364           1461
                0           0.37       0.288889              9        4.11111           1726
                0           0.04      0.0222222              1              4           1016
                0           0.56           0.45             10            5.6           1392
                0           0.08      0.0555556              3        2.66667           1155
                0           0.01              0              1              1              8
                0           0.06      0.0388889              2              3           1026
                0           0.06      0.0388889              2              3           1046
                0           0.04      0.0222222              1              4           1016
                0           0.04      0.0222222              1              4           1016
                0           0.04      0.0222222              1              4           1016
                0           0.27       0.205556              7        3.85714           1243
                0           0.01              0              1              1              1
                3           0.68       0.594444             23        2.95652           1180
                3           0.72       0.594444             24              3           1335
                3           0.39       0.311111             14        2.78571           1285
                3            0.3       0.205556              6              5           1218
                3           0.06      0.0388889              1              6           1023
                3           0.04      0.0222222              1              4           1016
                3           0.38       0.272222              9        4.22222           1310
                3           0.41       0.327778             11        3.72727           1194
                3           0.16       0.122222              3        5.33333           1338
                3           0.44       0.338889             12        3.66667           1366
                3           0.26       0.211111              9        2.88889           1617
                3           0.08      0.0555556              2              4           1116
                3           0.63       0.472222             15            4.2           1308
                3           0.18       0.138889              5            3.6           1338
                3           0.06      0.0388889              2              3           1028
                3           0.46       0.394444             18        2.55556           1326
                3           0.61       0.444444             13        4.69231           1387
                3           0.04      0.0222222              1              4           1016
                3           0.04      0.0222222              1              4           1115
                3           0.37       0.261111              9        4.11111           1303
                6           0.06      0.0388889              1              6           1023
                6           0.21       0.172222              8          2.625           1351
                6           0.57       0.438889             15            3.8           1506
                6            0.1      0.0722222              4            2.5           1229
                6           0.19           0.15              7        2.71429           1180
                6           0.08      0.0555556              3        2.66667           1127
                6           0.16       0.111111              4              4           1148
                6           0.68       0.566667             21         3.2381           1326
                6           0.47       0.361111             13        3.61538           1273
                6            0.1      0.0722222              4            2.5           1347
                6           0.35       0.277778             13        2.69231           1523
                6           0.01              0              1              1              1
                6           0.06      0.0388889              2              3           1127
                6            0.7       0.588889             21        3.33333           1509
                6           0.36       0.277778             14        2.57143           1419
                6           0.12      0.0888889              4              3           1129
                6           0.06      0.0388889              1              6           1023
                6           0.12      0.0777778              3              4           1089
                6           0.06      0.0388889              2              3           1153
                6           0.04      0.0222222              1              4           1016
                9           0.04      0.0222222              1              4           1015
                9           0.17       0.122222              3        5.66667           1358
                9           0.25       0.177778              7        3.57143           1304
                9            0.1      0.0722222              3        3.33333           1214
                9           0.04      0.0222222              1              4           1015
                9           0.12      0.0888889              5            2.4           1170
                9           0.11      0.0777778              3        3.66667           1069
                9           0.43       0.355556             11        3.90909           1353
                9           0.08      0.0555556              3        2.66667           1027
                9           0.25       0.211111             11        2.27273           1207
                9           0.08      0.0555556              3        2.66667           1119
                9           0.01              0              1              1              7
                9           0.63            0.5             16         3.9375           1337
                9           0.08      0.0555556              3        2.66667           1035
                9           0.52       0.427778             20            2.6           1485
                9           0.01              0              1              1              1
                9           0.08      0.0555556              3        2.66667           1027
                9           0.06      0.0388889              2              3           1027
                9            0.5       0.394444             11        4.54545           1785
                9           0.23       0.183333             10            2.3           1141
               12           0.16       0.127778              4              4           1211
               12            0.1      0.0722222              2              5           1037
