% fname: out_matlab/set3_005_10x10.m
% ../nanoxim -dimx 10 -dimy 10  -disr -defective_nodes 0.05 -cyclelinks 3 -bootstrap_immunity -bootstrap_timeout 100 

function [node_coverage, link_coverage, nsegments, avg_seg_length, latency] = set3_005_10x10(symbol)

data = [
%       bootstrap  node_coverage  link_coverage      nsegments avg_seg_length        latency
                0           0.97       0.944444             44        2.20455           1332
                0           0.97       0.933333             40          2.425           1406
                0           0.98       0.961111             46        2.13043           1353
                0           0.96       0.927778             37        2.59459           1578
                0           0.98       0.961111             25           3.92           1369
                0           0.95       0.888889             36        2.63889           1388
                0           0.85       0.822222             47        1.80851           1318
                0           0.93       0.888889             42        2.21429           1518
                0           0.84       0.744444             32          2.625           1693
                0           0.95       0.888889             36        2.63889           1688
                0           0.95       0.905556             35        2.71429           1359
                0           0.97       0.938889             37        2.62162           1481
                0           0.94       0.888889             41        2.29268           1418
                0           0.04      0.0222222              1              4           1016
                0            0.9       0.844444             37        2.43243           1445
                0           0.95       0.905556             47        2.02128           1596
                0            0.9           0.85             37        2.43243           1632
                0           0.93       0.855556             31              3           1645
                0           0.95       0.911111             33        2.87879           1483
                0           0.97       0.944444             41        2.36585           1473
                3           0.96       0.922222             35        2.74286           1256
                3           0.98       0.961111             32         3.0625           1333
                3           0.94       0.888889             30        3.13333           1591
                3           0.97       0.933333             46         2.1087           1248
                3           0.95       0.933333             41        2.31707           1297
                3           0.96       0.922222             41        2.34146           1367
                3           0.98       0.955556             36        2.72222           1743
                3           0.11      0.0833333              4           2.75           1120
                3           0.95       0.888889             41        2.31707           1313
                3            0.9       0.838889             33        2.72727           1343
                3            0.9       0.833333             31        2.90323           1315
                3           0.88       0.816667             34        2.58824           1578
                3           0.96       0.911111             41        2.34146           1410
                3           0.92       0.877778             36        2.55556           1233
                3           0.96       0.955556             45        2.13333           1253
                3           0.96       0.916667             29        3.31034           1217
                3           0.94       0.872222             36        2.61111           1300
                3           0.99       0.977778             39        2.53846           1333
                3           0.94       0.888889             36        2.61111           1263
                3           0.98       0.955556             41        2.39024           1263
                6           0.94       0.888889             39        2.41026           1478
                6           0.97       0.933333             32        3.03125           1138
                6           0.99       0.977778             46        2.15217           1242
                6           0.95            0.9             27        3.51852           1148
                6           0.94       0.894444             32         2.9375           1345
                6           0.89       0.838889             25           3.56           1353
                6           0.94       0.877778             32         2.9375           1184
                6           0.86       0.816667             36        2.38889           1189
                6           0.94       0.911111             40           2.35           1406
                6           0.95       0.888889             34        2.79412           1219
                6           0.95       0.888889             36        2.63889           1161
                6           0.96       0.916667             39        2.46154           1167
                6           0.98       0.955556             43        2.27907           1193
                6           0.88       0.816667             40            2.2           1367
                6           0.97       0.933333             39        2.48718           1133
                6           0.93       0.866667             42        2.21429           1292
                6           0.93       0.883333             44        2.11364           1147
                6           0.96       0.916667             35        2.74286           1237
                6           0.93       0.877778             28        3.32143           1132
                6           0.98       0.955556             41        2.39024           1240
                9           0.95       0.894444             33        2.87879           1213
                9           0.89       0.844444             35        2.54286           1278
                9           0.93       0.883333             35        2.65714           1543
                9           0.97       0.933333             46         2.1087           1408
                9           0.91           0.85             42        2.16667           1238
                9           0.97       0.933333             39        2.48718           1507
                9           0.95       0.911111             36        2.63889           1411
                9           0.97       0.938889             42        2.30952           1542
                9           0.95       0.905556             37        2.56757           1335
                9           0.98       0.961111             39        2.51282           1302
                9           0.94            0.9             39        2.41026           1319
                9           0.98       0.955556             57         1.7193           1160
                9           0.08      0.0555556              3        2.66667           1027
                9           0.82       0.783333             44        1.86364           1413
                9            0.9            0.8             29        3.10345           1432
                9           0.97       0.933333             44        2.20455           1328
                9           0.97       0.927778             51        1.90196           1440
                9           0.98       0.961111             45        2.17778           1316
                9           0.95            0.9             29        3.27586           1473
                9           0.91       0.805556             29        3.13793           1544
               12           0.97       0.933333             46         2.1087           1482
               12           0.82       0.733333             30        2.73333           1390
