% fname: out_matlab/set3_015_10x10.m
% ../nanoxim -dimx 10 -dimy 10  -disr -defective_nodes 0.15 -cyclelinks 3 -bootstrap_immunity -bootstrap_timeout 100 

function [node_coverage, link_coverage, nsegments, avg_seg_length, latency] = set3_015_10x10(symbol)

data = [
%       bootstrap  node_coverage  link_coverage      nsegments avg_seg_length        latency
                0           0.04      0.0222222              1              4           1016
                0           0.88       0.816667             35        2.51429           1418
                0           0.84       0.766667             32          2.625           1425
                0           0.01              0              1              1              2
                0           0.01              0              1              1              9
                0           0.04      0.0222222              1              4           1016
                0            0.2           0.15              6        3.33333           1482
                0           0.04      0.0222222              1              4           1016
                0           0.56       0.455556             20            2.8           1772
                0           0.84            0.7             26        3.23077           1248
                0           0.81       0.672222             29         2.7931           1512
                0            0.9       0.861111             34        2.64706           1731
                0           0.31       0.261111             16         1.9375           1280
                0           0.04      0.0222222              1              4           1016
                0           0.83       0.722222             29        2.86207           1278
                0           0.83       0.738889             28        2.96429           1231
                0           0.85       0.744444             35        2.42857           1714
                0           0.19       0.161111              7        2.71429           1487
                0           0.64       0.494444             18        3.55556           2165
                0           0.04      0.0222222              1              4           1016
                3           0.84       0.738889             31        2.70968           1325
                3           0.82       0.722222             26        3.15385           1273
                3           0.72       0.572222             20            3.6           1534
                3           0.83       0.733333             23         3.6087           1195
                3           0.83       0.716667             29        2.86207           1335
                3           0.82       0.744444             35        2.34286           1260
                3           0.86       0.783333             39        2.20513           1357
                3            0.1      0.0722222              3        3.33333           1117
                3           0.49       0.422222             12        4.08333           1487
                3            0.8       0.661111             22        3.63636           1427
                3           0.81       0.722222             28        2.89286           1378
                3            0.8       0.705556             33        2.42424           1592
                3           0.14       0.111111              5            2.8           1046
                3           0.79       0.716667             27        2.92593           1382
                3           0.68       0.572222             24        2.83333           1319
                3           0.84       0.761111             31        2.70968           1332
                3           0.74       0.666667             31         2.3871           1397
                3            0.8       0.705556             21        3.80952           1536
                3           0.86       0.761111             27        3.18519           1545
                3           0.85       0.761111             38        2.23684           1434
                6           0.84       0.738889             35            2.4           1342
                6           0.85       0.755556             28        3.03571           1588
                6           0.65       0.577778             25            2.6           1448
                6           0.41       0.344444             15        2.73333           1410
                6           0.83       0.705556             24        3.45833           1588
                6           0.86       0.766667             29        2.96552           1138
                6           0.12      0.0888889              3              4           1107
                6           0.85       0.738889             31        2.74194           1897
                6           0.83       0.727778             27        3.07407           1390
                6           0.59       0.505556             19        3.10526           1626
                6           0.81            0.7             28        2.89286           1446
                6           0.81       0.688889             24          3.375           1509
                6           0.78       0.683333             29        2.68966           1661
                6           0.72       0.583333             25           2.88           1541
                6           0.78       0.677778             29        2.68966           1304
                6           0.81       0.755556             31         2.6129           1200
                6           0.85            0.8             32        2.65625           1401
                6           0.83       0.733333             27        3.07407           1187
                6           0.79       0.705556             40          1.975           1141
                6           0.29       0.233333              9        3.22222           1166
                9           0.68       0.622222             36        1.88889           1369
                9           0.04      0.0222222              1              4           1015
                9           0.22       0.183333             10            2.2           1153
                9           0.17       0.116667              5            3.4           1387
                9           0.84       0.766667             31        2.70968           1427
                9           0.77       0.672222             18        4.27778           1553
                9            0.6       0.511111             20              3           1563
                9           0.01              0              1              1              9
                9           0.53       0.461111             12        4.41667           1314
                9           0.74       0.605556             25           2.96           1204
                9           0.11      0.0833333              5            2.2           1044
                9           0.68       0.588889             23        2.95652           1257
                9           0.11      0.0833333              4           2.75           1145
                9            0.9       0.822222             26        3.46154           1472
                9           0.86       0.744444             29        2.96552           1460
                9           0.08      0.0555556              3        2.66667           1027
                9           0.89            0.8             31        2.87097           1418
                9           0.88       0.788889             38        2.31579           1425
                9            0.9       0.822222             41        2.19512           1558
                9           0.11      0.0833333              4           2.75           1043
               12           0.84       0.738889             25           3.36           1213
               12           0.71       0.627778             24        2.95833           1504
